1 0.90390625 0.5609375 0.1328125 0.13828125
1 0.75078125 0.53828125 0.08671875 0.075
1 0.66640625 0.509375 0.06015625 0.04453125
1 0.584375 0.52109375 0.03984375 0.01953125
1 0.515625 0.54375 0.05546875 0.053125
1 0.4453125 0.54765625 0.0609375 0.046875
1 0.3859375 0.5515625 0.04375 0.0265625
1 0.3203125 0.53203125 0.03515625 0.03515625
1 0.2921875 0.53828125 0.02109375 0.01875
1 0.36640625 0.52265625 0.03359375 0.0234375
1 0.40234375 0.51796875 0.0265625 0.0203125
1 0.471875 0.51328125 0.025 0.0125
1 0.43046875 0.51015625 0.0140625 0.0171875