1 0.20234375 0.5453125 0.128125 0.06953125
1 0.05078125 0.56875 0.1015625 0.071875
1 0.3796875 0.5234375 0.0875 0.04453125
1 0.30234375 0.5359375 0.04375 0.05703125
1 0.5140625 0.57578125 0.06875 0.04140625
1 0.5125 0.54375 0.0640625 0.01484375
1 0.5984375 0.55 0.046875 0.01953125
1 0.66015625 0.55078125 0.06171875 0.0171875
1 0.7015625 0.5328125 0.0328125 0.0203125
1 0.61484375 0.521875 0.0328125 0.01484375
1 0.571875 0.52734375 0.02578125 0.015625
1 0.54765625 0.521875 0.021875 0.021875
1 0.465625 0.52890625 0.040625 0.01875
1 0.51640625 0.5234375 0.03203125 0.01171875