1 0.07265625 0.57890625 0.1453125 0.1296875
1 0.21171875 0.52734375 0.0546875 0.08046875
1 0.3203125 0.51328125 0.0515625 0.04765625
1 0.46015625 0.54921875 0.06796875 0.04453125
1 0.52265625 0.553125 0.04140625 0.040625
1 0.578125 0.55390625 0.02578125 0.04765625
1 0.6203125 0.553125 0.04453125 0.0296875
1 0.678125 0.534375 0.04140625 0.03359375
1 0.63515625 0.53046875 0.03125 0.02421875
1 0.5953125 0.5171875 0.0328125 0.02421875
1 0.56171875 0.5109375 0.02890625 0.01796875
1 0.42265625 0.52421875 0.04453125 0.01484375
1 0.52890625 0.515625 0.0375 0.01328125