1 0.8484375 0.5625 0.17421875 0.115625
1 0.65625 0.521875 0.109375 0.0609375
1 0.740625 0.515625 0.0546875 0.059375
1 0.59765625 0.5234375 0.03203125 0.015625
1 0.52578125 0.54921875 0.08046875 0.04453125
1 0.465625 0.5515625 0.05546875 0.02890625
1 0.35390625 0.5515625 0.0671875 0.03046875
1 0.403125 0.5265625 0.0421875 0.02109375
1 0.3078125 0.55078125 0.0375 0.0203125
1 0.31796875 0.5234375 0.0515625 0.01328125
1 0.3640625 0.52109375 0.0375 0.01328125
1 0.42890625 0.50859375 0.03359375 0.0109375
1 0.46484375 0.51640625 0.03359375 0.009375