1 0.80546875 0.56171875 0.1640625 0.1171875
1 0.6 0.51640625 0.10390625 0.08125
1 0.68984375 0.51328125 0.05234375 0.07890625
1 0.49921875 0.5390625 0.046875 0.03203125
1 0.4203125 0.53828125 0.0578125 0.034375
1 0.3359375 0.5390625 0.04609375 0.03359375
1 0.26875 0.5484375 0.06328125 0.0375
1 0.46953125 0.54140625 0.02265625 0.025
1 0.37578125 0.51328125 0.04375 0.02421875
1 0.29375 0.51796875 0.0359375 0.021875
1 0.34140625 0.509375 0.028125 0.01171875
1 0.44609375 0.51171875 0.02890625 0.01328125
1 0.42421875 0.50390625 0.015625 0.01484375