1 0.22421875 0.5875 0.125 0.10078125
1 0.390625 0.52890625 0.0984375 0.07890625
1 0.30703125 0.54921875 0.03828125 0.0546875
1 0.5109375 0.58046875 0.09296875 0.05859375
1 0.52890625 0.5453125 0.084375 0.01171875
1 0.6515625 0.55703125 0.05390625 0.0515625
1 0.61015625 0.5546875 0.02578125 0.0375
1 0.70859375 0.54609375 0.04140625 0.0375
1 0.62109375 0.525 0.0375 0.0140625
1 0.57890625 0.5296875 0.03046875 0.01796875
1 0.55 0.525 0.02109375 0.01640625
1 0.49453125 0.534375 0.025 0.009375
1 0.52265625 0.52890625 0.025 0.0109375