1 0.9046875 0.56875 0.190625 0.159375
1 0.74453125 0.5328125 0.109375 0.06484375
1 0.66640625 0.51875 0.04375 0.0484375
1 0.61484375 0.5234375 0.06640625 0.0375
1 0.5390625 0.54765625 0.0625 0.05390625
1 0.453125 0.55 0.059375 0.0375
1 0.39765625 0.55078125 0.03515625 0.02265625
1 0.33984375 0.5375 0.0453125 0.03515625
1 0.29765625 0.5390625 0.025 0.0171875
1 0.37109375 0.52734375 0.0203125 0.0234375
1 0.4015625 0.51796875 0.02578125 0.02421875
1 0.4296875 0.5140625 0.02109375 0.025
1 0.4671875 0.51484375 0.03515625 0.01328125