1 0.084375 0.5703125 0.14296875 0.1578125
1 0.2171875 0.54296875 0.09609375 0.08984375
1 0.3140625 0.51875 0.06640625 0.0703125
1 0.4765625 0.55 0.05 0.05625
1 0.54140625 0.55234375 0.0484375 0.05546875
1 0.6015625 0.5484375 0.04765625 0.0421875
1 0.70234375 0.53125 0.05703125 0.0453125
1 0.64453125 0.534375 0.03125 0.04375
1 0.59765625 0.51328125 0.03984375 0.01953125
1 0.63359375 0.50546875 0.025 0.0125
1 0.56328125 0.51171875 0.02421875 0.025
1 0.53125 0.51328125 0.0171875 0.0171875
1 0.42109375 0.521875 0.03984375 0.01953125