1 0.86328125 0.53671875 0.17109375 0.0765625
1 0.696875 0.5421875 0.07578125 0.08046875
1 0.63203125 0.5015625 0.075 0.04765625
1 0.54296875 0.49609375 0.08046875 0.0515625
1 0.43203125 0.52578125 0.05546875 0.03203125
1 0.38203125 0.528125 0.0265625 0.0265625
1 0.30546875 0.53828125 0.0640625 0.0203125
1 0.3390625 0.515625 0.0515625 0.028125
1 0.2921875 0.50703125 0.040625 0.01484375
1 0.428125 0.49453125 0.02890625 0.009375
1 0.37421875 0.5015625 0.01796875 0.01171875
1 0.4578125 0.50390625 0.0234375 0.01171875