1 0.809375 0.54375 0.14375 0.078125
1 0.65078125 0.51640625 0.121875 0.06640625
1 0.4984375 0.54453125 0.05703125 0.04296875
1 0.4625 0.5421875 0.021875 0.02421875
1 0.41640625 0.53046875 0.059375 0.0421875
1 0.5390625 0.515625 0.0453125 0.0140625
1 0.32265625 0.54140625 0.053125 0.0296875
1 0.25546875 0.54765625 0.046875 0.025
1 0.284375 0.51953125 0.03359375 0.01796875
1 0.33984375 0.5125 0.0328125 0.01640625
1 0.37734375 0.5125 0.02890625 0.02734375
1 0.40703125 0.5015625 0.01796875 0.0171875
1 0.43671875 0.50234375 0.03046875 0.009375