1 0.10234375 0.56484375 0.13828125 0.10546875
1 0.2328125 0.540625 0.07109375 0.071875
1 0.33359375 0.5125 0.040625 0.059375
1 0.3890625 0.51796875 0.05078125 0.03359375
1 0.48203125 0.5453125 0.04921875 0.05234375
1 0.553125 0.54765625 0.0421875 0.03828125
1 0.60859375 0.55078125 0.03984375 0.02734375
1 0.66171875 0.53671875 0.0546875 0.0265625
1 0.703125 0.5421875 0.0234375 0.01875
1 0.625 0.52734375 0.02265625 0.0171875
1 0.596875 0.52109375 0.03515625 0.025
1 0.57109375 0.50703125 0.02421875 0.015625
1 0.53359375 0.51484375 0.025 0.0125