1 0.77578125 0.5875 0.125 0.10078125
1 0.609375 0.52890625 0.0984375 0.07890625
1 0.69296875 0.54921875 0.03828125 0.0546875
1 0.4890625 0.58046875 0.09296875 0.05859375
1 0.47109375 0.5453125 0.084375 0.01171875
1 0.3484375 0.55703125 0.05390625 0.0515625
1 0.38984375 0.5546875 0.02578125 0.0375
1 0.29140625 0.54609375 0.04140625 0.0375
1 0.37890625 0.525 0.0375 0.0140625
1 0.42109375 0.5296875 0.03046875 0.01796875
1 0.45 0.525 0.02109375 0.01640625
1 0.50546875 0.534375 0.025 0.009375
1 0.47734375 0.52890625 0.025 0.0109375