1 0.94296875 0.5890625 0.1140625 0.1171875
1 0.78203125 0.54765625 0.11796875 0.0625
1 0.61796875 0.53046875 0.09375 0.05546875
1 0.69453125 0.54296875 0.03828125 0.053125
1 0.4859375 0.5734375 0.06875 0.040625
1 0.4765625 0.5421875 0.06796875 0.0109375
1 0.39140625 0.55234375 0.03671875 0.02734375
1 0.34296875 0.54921875 0.0515625 0.0375
1 0.28828125 0.5421875 0.04296875 0.0296875
1 0.3828125 0.5234375 0.04609375 0.01171875
1 0.42265625 0.525 0.02578125 0.0203125
1 0.44609375 0.521875 0.0125 0.0203125
1 0.47890625 0.5265625 0.0296875 0.01328125
1 0.515625 0.53203125 0.02734375 0.01484375