1 0.82109375 0.57734375 0.12421875 0.11328125
1 0.66796875 0.54609375 0.08828125 0.0796875
1 0.64453125 0.49609375 0.10234375 0.01171875
1 0.56640625 0.4984375 0.04375 0.04609375
1 0.4390625 0.5390625 0.0421875 0.04140625
1 0.39609375 0.53046875 0.02890625 0.0359375
1 0.2859375 0.546875 0.0734375 0.0171875
1 0.3578125 0.5203125 0.0203125 0.01953125
1 0.30078125 0.5125 0.028125 0.021875
1 0.33359375 0.5203125 0.0125 0.0265625
1 0.4 0.50078125 0.03046875 0.00859375
1 0.43125 0.5015625 0.01484375 0.01640625
1 0.46015625 0.51015625 0.0234375 0.0109375