1 0.7953125 0.56640625 0.09921875 0.078125
1 0.61640625 0.54375 0.078125 0.05625
1 0.70703125 0.54921875 0.05546875 0.06953125
1 0.49921875 0.5890625 0.05390625 0.046875
1 0.465625 0.56015625 0.04140625 0.0234375
1 0.34140625 0.56484375 0.0421875 0.03671875
1 0.4015625 0.5671875 0.0390625 0.02421875
1 0.29921875 0.5484375 0.03046875 0.0359375
1 0.3796875 0.5359375 0.03828125 0.0234375
1 0.42265625 0.5390625 0.021875 0.0234375
1 0.4515625 0.5375 0.028125 0.01484375
1 0.50703125 0.53984375 0.028125 0.01875