1 0.103125 0.559375 0.15546875 0.096875
1 0.240625 0.534375 0.0734375 0.0828125
1 0.32109375 0.51796875 0.05078125 0.0609375
1 0.3796875 0.515625 0.046875 0.0296875
1 0.42421875 0.5203125 0.02734375 0.02421875
1 0.48671875 0.54921875 0.0578125 0.0515625
1 0.553125 0.5546875 0.06015625 0.05703125
1 0.59296875 0.54765625 0.01484375 0.03203125
1 0.68125 0.5375 0.0515625 0.0390625
1 0.628125 0.53359375 0.03359375 0.04375
1 0.59765625 0.51875 0.021875 0.0234375
1 0.528125 0.51328125 0.028125 0.01328125
1 0.57265625 0.5140625 0.0234375 0.01640625