1 0.8421875 0.56171875 0.15625 0.12265625
1 0.6859375 0.54609375 0.10703125 0.05546875
1 0.62109375 0.50390625 0.059375 0.03984375
1 0.55625 0.5 0.04921875 0.0328125
1 0.4375 0.5328125 0.04140625 0.03984375
1 0.39140625 0.5296875 0.028125 0.03671875
1 0.3015625 0.54296875 0.0390625 0.02578125
1 0.359375 0.525 0.0328125 0.040625
1 0.30078125 0.50859375 0.046875 0.0265625
1 0.36875 0.49765625 0.0296875 0.01328125
1 0.42421875 0.50078125 0.02578125 0.01015625
1 0.459375 0.5078125 0.03125 0.01171875
1 0.3921875 0.5015625 0.0171875 0.01328125