1 0.1578125 0.56171875 0.15625 0.12265625
1 0.3140625 0.54609375 0.10703125 0.05546875
1 0.37890625 0.50390625 0.059375 0.03984375
1 0.44375 0.5 0.04921875 0.0328125
1 0.5625 0.5328125 0.04140625 0.03984375
1 0.60859375 0.5296875 0.028125 0.03671875
1 0.6984375 0.54296875 0.0390625 0.02578125
1 0.640625 0.525 0.0328125 0.040625
1 0.69921875 0.50859375 0.046875 0.0265625
1 0.63125 0.49765625 0.0296875 0.01328125
1 0.57578125 0.50078125 0.02578125 0.01015625
1 0.540625 0.5078125 0.03125 0.01171875
1 0.6078125 0.5015625 0.0171875 0.01328125