1 0.9109375 0.5625 0.13671875 0.11484375
1 0.76328125 0.55703125 0.10078125 0.08203125
1 0.6765625 0.521875 0.0859375 0.0296875
1 0.609375 0.5296875 0.04375 0.0265625
1 0.49921875 0.559375 0.0859375 0.0453125
1 0.44765625 0.55 0.03203125 0.0296875
1 0.3125 0.5421875 0.01796875 0.01953125
1 0.35078125 0.53984375 0.05078125 0.028125
1 0.4234375 0.52109375 0.03515625 0.0171875
1 0.40625 0.54921875 0.02890625 0.02109375
1 0.3953125 0.521875 0.01796875 0.01796875
1 0.47109375 0.51875 0.0359375 0.01328125