1 0.8640625 0.5515625 0.16015625 0.07578125
1 0.69375 0.521875 0.11953125 0.05390625
1 0.5984375 0.52421875 0.04609375 0.01796875
1 0.53125 0.55703125 0.0765625 0.0421875
1 0.46640625 0.55078125 0.06328125 0.040625
1 0.3703125 0.5546875 0.07265625 0.03125
1 0.2859375 0.553125 0.075 0.03203125
1 0.31640625 0.52109375 0.03671875 0.02890625
1 0.3984375 0.51953125 0.03046875 0.02421875
1 0.43125 0.515625 0.021875 0.02265625
1 0.4625 0.51328125 0.02421875 0.0140625
1 0.36328125 0.515625 0.03828125 0.0140625