1 0.83125 0.55 0.146875 0.075
1 0.62109375 0.5296875 0.084375 0.06484375
1 0.70703125 0.51796875 0.078125 0.0609375
1 0.50625 0.54453125 0.0421875 0.04296875
1 0.47421875 0.5375 0.02265625 0.02265625
1 0.428125 0.53828125 0.0421875 0.04921875
1 0.36640625 0.54296875 0.04453125 0.040625
1 0.30703125 0.55 0.05234375 0.028125
1 0.29765625 0.51953125 0.046875 0.02265625
1 0.33984375 0.5171875 0.02421875 0.015625
1 0.38359375 0.509375 0.03984375 0.01328125
1 0.42265625 0.5046875 0.03046875 0.01328125
1 0.45625 0.50859375 0.01796875 0.0109375