1 0.9203125 0.58046875 0.14921875 0.09296875
1 0.7734375 0.553125 0.0953125 0.0546875
1 0.6890625 0.53359375 0.0640625 0.04453125
1 0.6125 0.5484375 0.05859375 0.03828125
1 0.51484375 0.5671875 0.05859375 0.0390625
1 0.38984375 0.56796875 0.07109375 0.0421875
1 0.44296875 0.55546875 0.0375 0.0203125
1 0.4734375 0.565625 0.0265625 0.040625
1 0.32890625 0.54609375 0.02578125 0.0296875
1 0.35 0.54296875 0.01953125 0.025
1 0.40546875 0.525 0.034375 0.01953125
1 0.4734375 0.52734375 0.0359375 0.0171875