1 0.90859375 0.5546875 0.10546875 0.121875
1 0.7875 0.52109375 0.11171875 0.06796875
1 0.68125 0.5109375 0.04453125 0.046875
1 0.59140625 0.52578125 0.0421875 0.0265625
1 0.5234375 0.5515625 0.05546875 0.03828125
1 0.46640625 0.54765625 0.03515625 0.03046875
1 0.43203125 0.54453125 0.025 0.02421875
1 0.32109375 0.55859375 0.04296875 0.0359375
1 0.31640625 0.52109375 0.05390625 0.02421875
1 0.36640625 0.52421875 0.025 0.03359375
1 0.41015625 0.51953125 0.03671875 0.03828125
1 0.43515625 0.51015625 0.00703125 0.01953125
1 0.45546875 0.50859375 0.03046875 0.01484375