1 0.915625 0.5703125 0.14296875 0.1578125
1 0.7828125 0.54296875 0.09609375 0.08984375
1 0.6859375 0.51875 0.06640625 0.0703125
1 0.5234375 0.55 0.05 0.05625
1 0.45859375 0.55234375 0.0484375 0.05546875
1 0.3984375 0.5484375 0.04765625 0.0421875
1 0.29765625 0.53125 0.05703125 0.0453125
1 0.35546875 0.534375 0.03125 0.04375
1 0.40234375 0.51328125 0.03984375 0.01953125
1 0.36640625 0.50546875 0.025 0.0125
1 0.43671875 0.51171875 0.02421875 0.025
1 0.46875 0.51328125 0.0171875 0.0171875
1 0.57890625 0.521875 0.03984375 0.01953125