1 0.05703125 0.5890625 0.1140625 0.1171875
1 0.21796875 0.54765625 0.11796875 0.0625
1 0.38203125 0.53046875 0.09375 0.05546875
1 0.30546875 0.54296875 0.03828125 0.053125
1 0.5140625 0.5734375 0.06875 0.040625
1 0.5234375 0.5421875 0.06796875 0.0109375
1 0.60859375 0.55234375 0.03671875 0.02734375
1 0.65703125 0.54921875 0.0515625 0.0375
1 0.71171875 0.5421875 0.04296875 0.0296875
1 0.6171875 0.5234375 0.04609375 0.01171875
1 0.57734375 0.525 0.02578125 0.0203125
1 0.55390625 0.521875 0.0125 0.0203125
1 0.52109375 0.5265625 0.0296875 0.01328125
1 0.484375 0.53203125 0.02734375 0.01484375