1 0.65234375 0.54921875 0.10625 0.03046875
1 0.8140625 0.5734375 0.075 0.0859375
1 0.609375 0.515625 0.05234375 0.04921875
1 0.546875 0.49609375 0.04375 0.04921875
1 0.3828125 0.53984375 0.0125 0.03828125
1 0.41640625 0.53828125 0.03359375 0.034375
1 0.3359375 0.52421875 0.015625 0.02890625
1 0.35859375 0.5296875 0.02265625 0.0234375
1 0.30078125 0.54609375 0.06015625 0.02734375
1 0.3046875 0.51328125 0.02578125 0.02890625
1 0.38828125 0.5015625 0.03046875 0.01484375
1 0.4265625 0.50390625 0.02421875 0.015625
1 0.45546875 0.5140625 0.02265625 0.01796875