1 0.9703125 0.540625 0.0484375 0.08203125
1 0.86484375 0.5515625 0.04140625 0.0578125
1 0.7921875 0.52734375 0.05 0.0609375
1 0.715625 0.5609375 0.04453125 0.0671875
1 0.66015625 0.54453125 0.03515625 0.0671875
1 0.6046875 0.54296875 0.0359375 0.06796875
1 0.54296875 0.5515625 0.03671875 0.05625
1 0.46171875 0.5796875 0.04921875 0.05859375
1 0.39375 0.5734375 0.0390625 0.06484375
1 0.33828125 0.5234375 0.04453125 0.07734375
1 0.27578125 0.5875 0.03828125 0.06484375
1 0.18203125 0.57890625 0.05 0.0921875
1 0.12734375 0.5953125 0.0359375 0.0734375
1 0.0890625 0.53125 0.04375 0.07734375
1 0.02109375 0.5515625 0.03359375 0.0546875
1 0.05234375 0.5515625 0.01953125 0.04921875