1 0.0453125 0.54453125 0.0609375 0.07265625
1 0.1578125 0.5484375 0.021875 0.04375
1 0.2078125 0.5328125 0.06875 0.07734375
1 0.27734375 0.559375 0.0375 0.06640625
1 0.3265625 0.53984375 0.0359375 0.08046875
1 0.39296875 0.54609375 0.03984375 0.09140625
1 0.4484375 0.53671875 0.04296875 0.07578125
1 0.5265625 0.5671875 0.03515625 0.06796875
1 0.5984375 0.57265625 0.03125 0.0625
1 0.63671875 0.51171875 0.04296875 0.059375
1 0.71875 0.56953125 0.03671875 0.071875
1 0.7921875 0.55546875 0.04140625 0.06953125
1 0.84921875 0.53203125 0.05234375 0.08203125
1 0.95 0.56015625 0.04140625 0.0515625
1 0.984375 0.5578125 0.021875 0.05