1 0.97890625 0.584375 0.0421875 0.1078125
1 0.7609375 0.5796875 0.1484375 0.11328125
1 0.49296875 0.58515625 0.04921875 0.0453125
1 0.446875 0.56484375 0.03828125 0.02890625
1 0.403125 0.56640625 0.0234375 0.02890625
1 0.38046875 0.5625 0.02109375 0.03046875
1 0.35703125 0.55859375 0.021875 0.02265625
1 0.33671875 0.55546875 0.01171875 0.015625
1 0.33671875 0.5390625 0.021875 0.0140625
1 0.31328125 0.5390625 0.02265625 0.0140625
1 0.3640625 0.540625 0.01015625 0.01015625
1 0.3796875 0.54375 0.01171875 0.00703125
1 0.35625 0.54140625 0.00625 0.00625