1 0.021875 0.53671875 0.040625 0.0828125
1 0.19765625 0.53046875 0.046875 0.05234375
1 0.27421875 0.559375 0.04140625 0.05078125
1 0.32109375 0.54453125 0.03203125 0.06015625
1 0.159375 0.540625 0.02578125 0.0375
1 0.38828125 0.5359375 0.03515625 0.06640625
1 0.4453125 0.546875 0.03671875 0.04765625
1 0.528125 0.565625 0.03359375 0.05625
1 0.596875 0.575 0.04140625 0.075
1 0.65390625 0.51171875 0.04609375 0.096875
1 0.7140625 0.56015625 0.0390625 0.09765625
1 0.78828125 0.5546875 0.03984375 0.08203125
1 0.840625 0.54140625 0.04453125 0.08671875
1 0.95234375 0.5578125 0.0265625 0.059375
1 0.9265625 0.54296875 0.02109375 0.04609375
1 0.9859375 0.5421875 0.02265625 0.06171875