1 0.96796875 0.53359375 0.04375 0.06171875
1 0.84453125 0.5515625 0.03984375 0.03203125
1 0.8015625 0.53046875 0.03984375 0.0515625
1 0.72890625 0.56328125 0.0515625 0.06796875
1 0.66953125 0.53828125 0.05234375 0.0703125
1 0.60625 0.53984375 0.0359375 0.075
1 0.5484375 0.55 0.03671875 0.06640625
1 0.46640625 0.575 0.0359375 0.06953125
1 0.40390625 0.56328125 0.040625 0.06796875
1 0.3484375 0.51171875 0.0484375 0.06875
1 0.29375 0.56484375 0.03984375 0.05625
1 0.2109375 0.5609375 0.05859375 0.0609375
1 0.14609375 0.540625 0.0640625 0.08515625
1 0.075 0.55078125 0.03125 0.05390625
1 0.0421875 0.553125 0.03046875 0.05234375
1 0.003125 0.5375 0.00625 0.0515625
1 0.02109375 0.54609375 0.02421875 0.05234375