1 0.03203125 0.53359375 0.04375 0.06171875
1 0.15546875 0.5515625 0.03984375 0.03203125
1 0.1984375 0.53046875 0.03984375 0.0515625
1 0.27109375 0.56328125 0.0515625 0.06796875
1 0.33046875 0.53828125 0.05234375 0.0703125
1 0.39375 0.53984375 0.0359375 0.075
1 0.4515625 0.55 0.03671875 0.06640625
1 0.53359375 0.575 0.0359375 0.06953125
1 0.59609375 0.56328125 0.040625 0.06796875
1 0.6515625 0.51171875 0.0484375 0.06875
1 0.70625 0.56484375 0.03984375 0.05625
1 0.7890625 0.5609375 0.05859375 0.0609375
1 0.85390625 0.540625 0.0640625 0.08515625
1 0.925 0.55078125 0.03125 0.05390625
1 0.9578125 0.553125 0.03046875 0.05234375
1 0.996875 0.5375 0.00625 0.0515625
1 0.97890625 0.54609375 0.02421875 0.05234375