1 0.96640625 0.55078125 0.05625 0.0828125
1 0.85234375 0.5546875 0.03359375 0.04609375
1 0.796875 0.5296875 0.0359375 0.06640625
1 0.7140625 0.559375 0.03515625 0.05625
1 0.66484375 0.55078125 0.03984375 0.0640625
1 0.60078125 0.56015625 0.040625 0.078125
1 0.55 0.56015625 0.04140625 0.0734375
1 0.46796875 0.5734375 0.03203125 0.0609375
1 0.39375 0.571875 0.03359375 0.05859375
1 0.3484375 0.50859375 0.03984375 0.06640625
1 0.28046875 0.57109375 0.04140625 0.05546875
1 0.2015625 0.5546875 0.03984375 0.0453125
1 0.1484375 0.5453125 0.046875 0.07890625
1 0.0296875 0.5609375 0.02890625 0.05703125
1 0.059375 0.55234375 0.01953125 0.05703125