1 0.890625 0.5375 0.03359375 0.03359375
1 0.83515625 0.528125 0.06171875 0.06640625
1 0.7390625 0.553125 0.0390625 0.0671875
1 0.67421875 0.54453125 0.04609375 0.0640625
1 0.621875 0.5421875 0.03828125 0.053125
1 0.553125 0.553125 0.05234375 0.0453125
1 0.47734375 0.578125 0.03984375 0.04921875
1 0.40625 0.5765625 0.03359375 0.06484375
1 0.35078125 0.51796875 0.0390625 0.071875
1 0.29140625 0.56796875 0.04296875 0.05859375
1 0.20390625 0.56328125 0.0421875 0.08046875
1 0.153125 0.58515625 0.02734375 0.05
1 0.10859375 0.54140625 0.04453125 0.06875
1 0.05 0.5578125 0.01953125 0.0390625
1 0.01796875 0.54609375 0.02265625 0.0453125
1 0.0734375 0.54921875 0.01953125 0.03828125