1 0.96640625 0.55 0.05625 0.0625
1 0.85234375 0.55 0.053125 0.028125
1 0.796875 0.534375 0.0421875 0.05390625
1 0.71875 0.5625 0.06171875 0.05234375
1 0.6703125 0.54921875 0.03359375 0.065625
1 0.6046875 0.5421875 0.0453125 0.065625
1 0.54921875 0.5546875 0.04765625 0.06015625
1 0.4640625 0.56328125 0.05 0.046875
1 0.39921875 0.56171875 0.04140625 0.05859375
1 0.3375 0.50078125 0.05234375 0.0578125
1 0.2859375 0.575 0.03515625 0.059375
1 0.20625 0.54765625 0.03984375 0.0421875
1 0.14609375 0.5359375 0.0609375 0.08828125
1 0.0671875 0.55 0.03125 0.0453125
1 0.03125 0.54921875 0.034375 0.04921875
1 0.00703125 0.54375 0.01171875 0.05703125