1 0.03046875 0.54453125 0.0609375 0.06640625
1 0.13984375 0.56640625 0.040625 0.06953125
1 0.22109375 0.55 0.034375 0.065625
1 0.2796875 0.56328125 0.05625 0.0828125
1 0.3453125 0.56796875 0.028125 0.07578125
1 0.40546875 0.55234375 0.05390625 0.07890625
1 0.47109375 0.5640625 0.0515625 0.08046875
1 0.5421875 0.578125 0.04921875 0.0671875
1 0.6078125 0.58203125 0.03359375 0.05859375
1 0.67109375 0.5296875 0.053125 0.0734375
1 0.73515625 0.5828125 0.046875 0.071875
1 0.82109375 0.57265625 0.04140625 0.0828125
1 0.89375 0.53828125 0.05546875 0.0578125
1 0.98515625 0.56171875 0.02890625 0.07265625
1 0.95625 0.56015625 0.0234375 0.040625